1699338458478 0.18277757927981161 0
1699338458489 0.23662756230882317 1
1699338458495 0.27189615299696296 10
1699338458500 0.2618983002934282 11
1699338458505 0.2440483870576524 12
1699338458511 0.26835781659598673 13
1699338458516 0.24444142112643488 14
1699338458520 0.24430444643467825 15
1699338458525 0.23798072644472434 16
1699338458530 0.25869626358557396 17
1699338458535 0.24913338870817545 18
1699338458540 0.2811442279893993 19
1699338458545 0.19507663091481403 2
1699338458549 0.28110499840958464 20
1699338458554 0.2629871781263202 21
1699338458559 0.26878423422816783 22
1699338458563 0.2888486649279889 23
1699338458567 0.2861140160952719 24
1699338458571 0.2976377385293931 25
1699338458575 0.2529421341384594 26
1699338458579 0.27776410012346997 27
1699338458584 0.2789930182437484 28
1699338458589 0.25449093927686006 29
1699338458593 0.22848553161326354 3
1699338458597 0.3629707912604014 30
1699338458601 0.3559410644647403 31
1699338458606 0.32858037085105213 32
1699338458610 0.33732835757426727 33
1699338458615 0.3292949934800466 34
1699338458621 0.3645309507846832 35
1699338458627 0.341295989889365 36
1699338458633 0.33921682888116594 37
1699338458638 0.3394897617590733 38
1699338458643 0.3049138219692768 39
1699338458650 0.2348481034883522 4
1699338458655 0.31677859807625797 40
1699338458659 0.33246528758452487 41
1699338458663 0.33655853458704094 42
1699338458667 0.36927554122148415 43
1699338458671 0.3262467147448124 44
1699338458675 0.3124691987648988 45
1699338458679 0.3226168991281436 46
1699338458683 0.33007240830323636 47
1699338458687 0.3447497300612621 48
1699338458692 0.3628880996734668 49
1699338458695 0.21945073560047418 5
1699338458699 0.381114175533637 50
1699338458703 0.35297255363219826 51
1699338458707 0.32010630277486946 52
1699338458711 0.3515704467510566 53
1699338458715 0.35249963777187543 54
1699338458719 0.3113219461379907 55
1699338458723 0.33917765433971697 56
1699338458727 0.2864284375539193 57
1699338458732 0.313436677478827 58
1699338458736 0.3463675916194916 59
1699338458740 0.23399967181569828 6
1699338458744 0.34272709970290843 60
1699338458749 0.3331967092477358 61
1699338458754 0.32730144896568397 62
1699338458758 0.3527652661005656 63
1699338458762 0.32609361165609113 64
1699338458766 0.34274968061691674 65
1699338458770 0.34863339341603794 66
1699338458774 0.3325251953724103 67
1699338458778 0.3233755275225028 68
1699338458782 0.33410277282580353 69
1699338458786 0.2501239734164884 7
1699338458790 0.3294771433640749 70
1699338458794 0.3399519697213784 71
1699338458798 0.3375241984159518 72
1699338458802 0.3395008188027602 73
1699338458806 0.32348217658507517 74
1699338458810 0.33993991116682687 75
1699338458814 0.3560992526702392 76
1699338458818 0.36155368020901313 77
1699338458822 0.36003851355650485 78
1699338458826 0.3313600031229166 79
1699338458829 0.24561006332887933 8
1699338458833 0.3255197735933157 80
1699338458838 0.33683507488324094 81
1699338458842 0.3245274812747271 82
1699338458846 0.3483241128615844 83
1699338458850 0.3482739887176416 84
1699338458854 0.33702433300323975 85
1699338458858 0.37320383748947045 86
1699338458862 0.37994258732367786 87
1699338458866 0.35994539230297773 88
1699338458869 0.3295514335999122 89
1699338458873 0.2376612528233053 9
1699338458877 0.3419064440788367 90
1699338458882 0.3246278970669477 91
1699338458886 0.3374536728247618 92
1699338458891 0.3382580356720166 93
1699338458896 0.3309858406965549 94
1699338458900 0.3463658889898887 95
1699338458904 0.34759845993457694 96
1699338458909 0.3450440275363433 97
1699338458914 0.34903929034868875 98
1699338458918 0.34753544819660676 99
