1699338458485 10.521882423987755 0
1699338458492 1.3719483653704325 1
1699338458498 0.9897692460280199 10
1699338458503 0.6878455052008996 11
1699338458508 0.8996662069589664 12
1699338458513 0.8262909543819916 13
1699338458518 0.7028756228777079 14
1699338458523 0.9310797043335743 15
1699338458527 0.6258352952125745 16
1699338458532 0.6041325373527331 17
1699338458538 0.658130586758638 18
1699338458543 0.5770753105481465 19
1699338458547 1.4096449280396486 2
1699338458552 0.6557088799965687 20
1699338458556 0.6613517081126189 21
1699338458561 0.6542413213314154 22
1699338458565 0.6157233895399632 23
1699338458569 0.6992144265235999 24
1699338458573 0.5657781652915173 25
1699338458578 0.6261688531973423 26
1699338458582 0.6089679999229235 27
1699338458586 0.5833906234839024 28
1699338458591 0.5490952604856246 29
1699338458595 1.2778016527493794 3
1699338458599 0.44507944675592276 30
1699338458604 0.4453047439073905 31
1699338458608 0.45710082283386816 32
1699338458613 0.44325841115071224 33
1699338458618 0.44424468462283795 34
1699338458624 0.436014677469547 35
1699338458630 0.4445269022232447 36
1699338458635 0.4513616676513965 37
1699338458640 0.43887432783077923 38
1699338458645 0.4604497256951454 39
1699338458652 1.5103634791496472 4
1699338458657 0.4436966753922976 40
1699338458661 0.4444144620345189 41
1699338458665 0.44336929290722576 42
1699338458669 0.43418816725413006 43
1699338458673 0.45433618747271026 44
1699338458677 0.4458975281470861 45
1699338458681 0.44468043538240287 46
1699338458685 0.44456358276880703 47
1699338458689 0.44151526093482973 48
1699338458693 0.4392838306916066 49
1699338458697 1.1235158525980435 5
1699338458701 0.4276363505766942 50
1699338458705 0.44462981804823265 51
1699338458709 0.4453566094239553 52
1699338458713 0.44176921324852186 53
1699338458717 0.4404521798476195 54
1699338458721 0.45103528193938425 55
1699338458725 0.4477275075056614 56
1699338458730 0.45294015697943857 57
1699338458734 0.4483484760308877 58
1699338458738 0.4430075617936941 59
1699338458742 1.3763003630515858 6
1699338458746 0.4357255260149638 60
1699338458752 0.44358850106214864 61
1699338458756 0.44420824539967074 62
1699338458760 0.4344145756501418 63
1699338458764 0.4464870348954812 64
1699338458768 0.4381079352819003 65
1699338458772 0.4342936702263661 66
1699338458776 0.44508412862435365 67
1699338458780 0.44843158706640585 68
1699338458784 0.4376981464716104 69
1699338458788 0.9265632556034968 7
1699338458792 0.44339302335029995 70
1699338458796 0.4354274332523346 71
1699338458800 0.4446282351628328 72
1699338458804 0.4416851493028494 73
1699338458808 0.4448509023739741 74
1699338458812 0.43917486514800635 75
1699338458816 0.432554832024452 76
1699338458820 0.4282962884658422 77
1699338458824 0.438090867568285 78
1699338458827 0.44756095577508975 79
1699338458831 0.8577800140931056 8
1699338458836 0.44345140029222535 80
1699338458840 0.440528484644034 81
1699338458844 0.4486105640729268 82
1699338458848 0.4326822578907013 83
1699338458852 0.4393369893232981 84
1699338458856 0.44009458223978676 85
1699338458860 0.42525933583577474 86
1699338458864 0.4276785758825449 87
1699338458868 0.440743568004706 88
1699338458871 0.445905115818366 89
1699338458875 0.982478784597837 9
1699338458879 0.4395972979374421 90
1699338458884 0.4540346434483161 91
1699338458889 0.435219504741522 92
1699338458893 0.4369983642529219 93
1699338458898 0.4410951071824783 94
1699338458901 0.435633036112174 95
1699338458906 0.43227731020022664 96
1699338458911 0.4370307019123664 97
1699338458916 0.4337596216262915 98
1699338458920 0.43517415615228505 99
