1699338402708 0.18277757927981161 0
1699338402729 0.23662756230882317 1
1699338402734 0.27189615299696296 10
1699338402740 0.2618983002934282 11
1699338402747 0.2440483870576524 12
1699338402754 0.26835781659598673 13
1699338402759 0.24444142112643488 14
1699338402763 0.24430444643467825 15
1699338402768 0.23798072644472434 16
1699338402772 0.25869626358557396 17
1699338402777 0.24913338870817545 18
1699338402781 0.2811442279893993 19
1699338402787 0.19507663091481403 2
1699338402793 0.28110499840958464 20
1699338402804 0.2629871781263202 21
1699338402809 0.26878423422816783 22
1699338402813 0.2888486649279889 23
1699338402818 0.2861140160952719 24
1699338402823 0.2976377385293931 25
1699338402828 0.2529421341384594 26
1699338402832 0.27776410012346997 27
1699338402836 0.2789930182437484 28
1699338402841 0.25449093927686006 29
1699338402850 0.22848553161326354 3
1699338402856 0.3629707912604014 30
1699338402860 0.3559410644647403 31
1699338402865 0.32858037085105213 32
1699338402870 0.33732835757426727 33
1699338402874 0.3292949934800466 34
1699338402879 0.3645309507846832 35
1699338402883 0.341295989889365 36
1699338402888 0.33921682888116594 37
1699338402892 0.3394897617590733 38
1699338402897 0.3049138219692768 39
1699338402901 0.2348481034883522 4
1699338402908 0.31677859807625797 40
1699338402913 0.33246528758452487 41
1699338402918 0.33655853458704094 42
1699338402923 0.36927554122148415 43
1699338402928 0.3262467147448124 44
1699338402931 0.3124691987648988 45
1699338402936 0.3226168991281436 46
1699338402941 0.33007240830323636 47
1699338402945 0.3447497300612621 48
1699338402949 0.3628880996734668 49
1699338402954 0.21945073560047418 5
1699338402961 0.381114175533637 50
1699338402965 0.35297255363219826 51
1699338402969 0.32010630277486946 52
1699338402975 0.3515704467510566 53
1699338402979 0.35249963777187543 54
1699338402983 0.3113219461379907 55
1699338402988 0.33917765433971697 56
1699338402992 0.2864284375539193 57
1699338402996 0.313436677478827 58
1699338403001 0.3463675916194916 59
1699338403005 0.23399967181569828 6
1699338403009 0.34272709970290843 60
1699338403013 0.3331967092477358 61
1699338403017 0.32730144896568397 62
1699338403022 0.3527652661005656 63
1699338403026 0.32609361165609113 64
1699338403030 0.34274968061691674 65
1699338403034 0.34863339341603794 66
1699338403039 0.3325251953724103 67
1699338403044 0.3233755275225028 68
1699338403048 0.33410277282580353 69
1699338403052 0.2501239734164884 7
1699338403057 0.3294771433640749 70
1699338403061 0.3399519697213784 71
1699338403065 0.3375241984159518 72
1699338403070 0.3395008188027602 73
1699338403074 0.32348217658507517 74
1699338403078 0.33993991116682687 75
1699338403082 0.3560992526702392 76
1699338403087 0.36155368020901313 77
1699338403091 0.36003851355650485 78
1699338403095 0.3313600031229166 79
1699338403099 0.24561006332887933 8
1699338403103 0.3255197735933157 80
1699338403108 0.33683507488324094 81
1699338403112 0.3245274812747271 82
1699338403116 0.3483241128615844 83
1699338403121 0.3482739887176416 84
1699338403125 0.33702433300323975 85
1699338403129 0.37320383748947045 86
1699338403133 0.37994258732367786 87
1699338403137 0.35994539230297773 88
1699338403141 0.3295514335999122 89
1699338403146 0.2376612528233053 9
1699338403150 0.3419064440788367 90
1699338403154 0.3246278970669477 91
1699338403158 0.3374536728247618 92
1699338403163 0.3382580356720166 93
1699338403167 0.3309858406965549 94
1699338403171 0.3463658889898887 95
1699338403175 0.34759845993457694 96
1699338403179 0.3450440275363433 97
1699338403184 0.34903929034868875 98
1699338403189 0.34753544819660676 99
