1699338402717 10.521882423987755 0
1699338402732 1.3719483653704325 1
1699338402736 0.9897692460280199 10
1699338402744 0.6878455052008996 11
1699338402752 0.8996662069589664 12
1699338402757 0.8262909543819916 13
1699338402761 0.7028756228777079 14
1699338402766 0.9310797043335743 15
1699338402770 0.6258352952125745 16
1699338402775 0.6041325373527331 17
1699338402779 0.658130586758638 18
1699338402784 0.5770753105481465 19
1699338402790 1.4096449280396486 2
1699338402801 0.6557088799965687 20
1699338402807 0.6613517081126189 21
1699338402811 0.6542413213314154 22
1699338402816 0.6157233895399632 23
1699338402820 0.6992144265235999 24
1699338402825 0.5657781652915173 25
1699338402830 0.6261688531973423 26
1699338402834 0.6089679999229235 27
1699338402839 0.5833906234839024 28
1699338402844 0.5490952604856246 29
1699338402853 1.2778016527493794 3
1699338402858 0.44507944675592276 30
1699338402863 0.4453047439073905 31
1699338402867 0.45710082283386816 32
1699338402872 0.44325841115071224 33
1699338402876 0.44424468462283795 34
1699338402881 0.436014677469547 35
1699338402885 0.4445269022232447 36
1699338402890 0.4513616676513965 37
1699338402894 0.43887432783077923 38
1699338402899 0.4604497256951454 39
1699338402903 1.5103634791496472 4
1699338402911 0.4436966753922976 40
1699338402916 0.4444144620345189 41
1699338402920 0.44336929290722576 42
1699338402926 0.43418816725413006 43
1699338402930 0.45433618747271026 44
1699338402934 0.4458975281470861 45
1699338402938 0.44468043538240287 46
1699338402943 0.44456358276880703 47
1699338402947 0.44151526093482973 48
1699338402952 0.4392838306916066 49
1699338402957 1.1235158525980435 5
1699338402963 0.4276363505766942 50
1699338402967 0.44462981804823265 51
1699338402972 0.4453566094239553 52
1699338402977 0.44176921324852186 53
1699338402981 0.4404521798476195 54
1699338402986 0.45103528193938425 55
1699338402990 0.4477275075056614 56
1699338402994 0.45294015697943857 57
1699338402999 0.4483484760308877 58
1699338403003 0.4430075617936941 59
1699338403007 1.3763003630515858 6
1699338403012 0.4357255260149638 60
1699338403015 0.44358850106214864 61
1699338403020 0.44420824539967074 62
1699338403024 0.4344145756501418 63
1699338403028 0.4464870348954812 64
1699338403032 0.4381079352819003 65
1699338403036 0.4342936702263661 66
1699338403041 0.44508412862435365 67
1699338403046 0.44843158706640585 68
1699338403050 0.4376981464716104 69
1699338403055 0.9265632556034968 7
1699338403059 0.44339302335029995 70
1699338403063 0.4354274332523346 71
1699338403067 0.4446282351628328 72
1699338403072 0.4416851493028494 73
1699338403076 0.4448509023739741 74
1699338403080 0.43917486514800635 75
1699338403084 0.432554832024452 76
1699338403089 0.4282962884658422 77
1699338403093 0.438090867568285 78
1699338403097 0.44756095577508975 79
1699338403101 0.8577800140931056 8
1699338403106 0.44345140029222535 80
1699338403110 0.440528484644034 81
1699338403114 0.4486105640729268 82
1699338403119 0.4326822578907013 83
1699338403123 0.4393369893232981 84
1699338403127 0.44009458223978676 85
1699338403131 0.42525933583577474 86
1699338403135 0.4276785758825449 87
1699338403139 0.440743568004706 88
1699338403144 0.445905115818366 89
1699338403148 0.982478784597837 9
1699338403152 0.4395972979374421 90
1699338403156 0.4540346434483161 91
1699338403161 0.435219504741522 92
1699338403165 0.4369983642529219 93
1699338403169 0.4410951071824783 94
1699338403173 0.435633036112174 95
1699338403177 0.43227731020022664 96
1699338403182 0.4370307019123664 97
1699338403186 0.4337596216262915 98
1699338403191 0.43517415615228505 99
